70273 PANC Anchorage Observations at 12Z 23 Sep 2024
-----------------------------------------------------------------------------
   PRES   HGHT   TEMP   DWPT   RELH   MIXR   DRCT   SKNT   THTA   THTE   THTV
    hPa     m      C      C      %    g/kg    deg   knot     K      K      K 
-----------------------------------------------------------------------------
 1000.0   -162                                                               
  974.0     40    7.8    2.9     71   4.86    315      8  283.1  296.9  283.9
  971.0     67    8.3    2.1     65   4.61      0     11  283.8  297.0  284.6
  969.0     84    8.6    1.6     61   4.45      1     12  284.3  297.0  285.1
  935.0    390    6.0    1.2     71   4.48     27     28  284.6  297.4  285.3
  925.0    482    7.4   -1.6     53   3.69     35     33  286.9  297.7  287.5
  923.0    500    7.4   -1.6     53   3.70     35     33  287.1  297.9  287.7
  920.0    527    7.3   -1.7     53   3.68     35     34  287.2  297.9  287.8
  888.0    817    5.8   -3.2     52   3.42     32     30  288.6  298.7  289.2
  881.0    882    5.4   -1.6     61   3.88     32     29  288.8  300.2  289.5
  864.0   1040    4.0   -1.9     65   3.86     30     27  289.0  300.3  289.6
  850.0   1173    2.8   -2.2     70   3.85     40     27  289.1  300.4  289.7
  837.0   1298    1.8   -2.6     73   3.79     49     24  289.3  300.5  289.9
  832.0   1346    2.2   -2.8     70   3.76     52     22  290.2  301.3  290.9
  792.0   1739   -1.1   -3.7     83   3.70     80     12  290.8  301.8  291.4
  770.0   1964   -3.0   -4.2     92   3.67    115     21  291.1  302.0  291.8
  755.0   2121   -4.3   -4.5     99   3.64    122     29  291.3  302.2  292.0
  744.0   2237   -4.7   -5.8     92   3.35    127     35  292.1  302.2  292.7
  738.0   2301   -4.8   -6.2     90   3.26    130     38  292.6  302.5  293.2
  736.0   2322   -4.9   -6.4     89   3.23    131     37  292.8  302.6  293.4
  719.0   2507   -3.5   -6.0     83   3.41    137     26  296.3  306.7  296.9
  700.0   2718   -4.7   -6.4     88   3.40    145     13  297.2  307.7  297.9
  698.0   2740   -4.9   -6.5     88   3.38    145     12  297.3  307.6  297.9
  690.0   2831   -5.6   -7.0     90   3.28    135     10  297.5  307.6  298.1
  676.0   2991   -6.9   -7.9     92   3.13    105      6  297.8  307.4  298.3
  657.0   3214   -8.7   -9.2     96   2.91     58     12  298.2  307.2  298.7
  652.0   3273   -8.9  -10.1     92   2.74     45     14  298.5  307.1  299.0
  645.0   3357   -9.3  -11.3     85   2.51     38     13  299.1  306.9  299.5
  642.0   3393   -9.7  -11.7     85   2.44     35     13  299.0  306.7  299.4
  631.0   3526  -10.9  -12.4     89   2.35     24     12  299.1  306.5  299.6
  627.0   3575  -11.1  -12.8     87   2.28     20     12  299.5  306.7  299.9
  621.0   3649  -11.3  -13.5     84   2.18     28     12  300.0  307.0  300.4
  615.0   3724  -11.3  -16.3     67   1.75     36     11  300.9  306.5  301.2
  609.0   3799  -11.9  -15.4     75   1.90     44     11  301.0  307.1  301.4
  604.0   3862  -12.1  -16.1     72   1.81     51     11  301.5  307.4  301.8
  594.0   3990  -12.8  -17.3     69   1.67     65     10  302.1  307.5  302.4
  593.0   4003  -12.9  -17.4     69   1.65     65     10  302.2  307.5  302.5
  565.0   4370  -16.1  -19.3     76   1.48     78     13  302.6  307.4  302.9
  551.0   4558  -17.6  -19.3     86   1.52     85     14  303.0  308.0  303.3
  546.0   4627  -18.1  -19.3     90   1.53     94     15  303.2  308.2  303.5
  531.0   4834  -19.2  -20.8     87   1.38    120     18  304.2  308.8  304.5
  520.0   4990  -20.1  -22.0     85   1.27    117     21  305.0  309.3  305.3
  515.0   5062  -20.6  -22.6     85   1.22    115     23  305.2  309.3  305.4
  511.0   5119  -21.1  -23.0     85   1.18    118     24  305.4  309.3  305.6
  500.0   5280  -22.1  -22.5     97   1.26    125     26  306.0  310.3  306.3
  486.0   5488  -23.5  -25.1     86   1.03    135     27  306.8  310.3  307.0
  482.0   5548  -23.9  -25.9     84   0.97    137     26  307.0  310.4  307.2
  475.0   5654  -24.7  -26.5     85   0.93    141     24  307.3  310.5  307.5
  468.0   5762  -25.3  -28.1     78   0.82    145     22  307.9  310.7  308.0
  457.0   5934  -26.3  -30.6     67   0.66    137     22  308.7  311.1  308.9
  448.0   6077  -27.5  -30.7     74   0.67    130     22  309.0  311.3  309.1
  443.0   6158  -27.9  -32.4     65   0.57    126     22  309.5  311.5  309.6
  442.0   6174  -27.9  -32.9     62   0.55    125     22  309.7  311.6  309.8
  412.0   6673  -32.4  -36.1     70   0.43    135     14  310.2  311.7  310.3
  410.0   6707  -32.7  -36.3     70   0.42    136     15  310.2  311.7  310.3
  408.0   6741  -33.1  -36.8     69   0.40    137     16  310.1  311.6  310.2
  406.0   6776  -33.3  -38.3     61   0.35    137     16  310.3  311.6  310.4
  401.0   6863  -34.1  -39.1     60   0.32    140     19  310.4  311.6  310.4
  400.0   6880  -34.3  -39.3     60   0.32    140     19  310.3  311.5  310.4
  380.0   7236  -37.4  -41.5     65   0.26    145     16  310.8  311.8  310.9
  377.0   7291  -37.9  -41.9     66   0.26    149     16  310.9  311.8  310.9
  366.0   7495  -39.7  -45.7     53   0.18    165     17  311.1  311.8  311.1
  364.0   7532  -40.1  -46.1     53   0.17    168     17  311.1  311.7  311.1
  361.0   7589  -40.3  -48.3     42   0.13    173     17  311.5  312.1  311.6
  353.0   7740  -41.8  -48.8     46   0.13    185     18  311.5  312.0  311.6
  345.0   7896  -43.3  -49.3     51   0.12    183     19  311.5  312.0  311.6
  330.0   8193  -46.1  -49.4     69   0.13    180     22  311.7  312.2  311.7
  318.0   8439  -48.3  -52.9     59   0.09    177     24  311.9  312.3  311.9
  314.0   8522  -49.1  -52.8     65   0.09    176     25  311.9  312.3  312.0
  312.0   8564  -49.4  -53.4     63   0.09    175     25  312.1  312.4  312.1
  306.0   8691  -50.3  -55.3     55   0.07    180     21  312.6  312.9  312.6
  304.0   8734  -50.3  -56.3     49   0.06    182     19  313.2  313.4  313.2
  300.0   8820  -50.7  -55.5     57   0.07    185     16  313.8  314.1  313.8
  298.0   8863  -51.1  -55.1     62   0.07    185     15  313.8  314.1  313.8
  296.0   8907  -51.5  -54.7     68   0.08    178     15  313.9  314.2  313.9
  295.0   8929  -51.7  -55.3     65   0.07    175     15  313.9  314.2  313.9
  293.0   8973  -52.1  -56.5     59   0.06    168     16  313.9  314.2  313.9
  286.0   9128  -53.0  -55.8     71   0.07    145     20  314.9  315.2  314.9
  280.0   9264  -53.7  -55.2     83   0.08    149     27  315.7  316.0  315.7
  279.0   9287  -53.9  -55.8     80   0.07    150     28  315.8  316.0  315.8
  278.0   9310  -54.1  -56.3     77   0.07    150     27  315.8  316.1  315.8
  274.0   9403  -52.9  -60.9     37   0.04    158     21  318.8  319.0  318.8
  273.0   9427  -52.8  -61.4     34   0.04    160     20  319.4  319.5  319.4
  266.0   9594  -51.8  -65.2     19   0.02    150     22  323.1  323.2  323.1
  265.0   9618  -51.7  -65.7     17   0.02    156     21  323.6  323.7  323.6
  260.0   9743  -47.5  -74.5      3   0.01    185     14  331.6  331.6  331.6
  250.0  10000  -49.1  -73.1      4   0.01    155      9  332.9  333.0  332.9
  248.0  10053  -49.4  -74.0      4   0.01    140     11  333.3  333.3  333.3
  247.0  10079  -49.5  -74.5      4   0.01    144     12  333.5  333.5  333.5
  239.0  10297  -47.1  -75.1      3   0.01    175     19  340.2  340.2  340.2
  231.0  10523  -44.7  -75.7      2   0.01    180     27  347.2  347.3  347.2
  221.0  10820  -43.8  -76.3      2   0.01    190     20  353.1  353.1  353.1
  218.0  10912  -43.5  -76.5      1   0.01    202     20  354.9  354.9  354.9
  215.0  11005  -43.8  -76.8      1   0.01    215     19  355.8  355.8  355.8
  208.0  11227  -44.7  -77.7      1   0.00    205     16  357.9  357.9  357.9
  206.0  11292  -44.9  -77.9      1   0.00    198     18  358.5  358.5  358.5
  205.0  11325  -44.9  -77.9      1   0.00    195     19  359.0  359.0  359.0
  200.0  11490  -44.7  -77.7      1   0.00    200     23  361.8  361.9  361.8
  188.0  11905  -44.1  -78.1      1   0.00    208     26  369.2  369.3  369.2
  185.0  12013  -44.1  -78.2      1   0.00    210     27  370.9  370.9  370.9
  163.0  12862  -44.5  -79.1      1   0.00    195     30  384.0  384.0  384.0
  150.0  13420  -44.7  -79.7      1   0.00    210     25  392.8  392.9  392.8
  137.0  14023  -45.7  -79.9      1   0.00    225     25  401.3  401.3  401.3
  135.0  14121  -45.9  -79.9      1   0.01    221     22  402.7  402.7  402.7
  132.0  14271  -45.8  -79.9      1   0.01    215     18  405.5  405.6  405.5
  127.0  14528  -45.5  -79.8      1   0.01    200     28  410.4  410.5  410.4
  120.0  14906  -45.2  -79.7      1   0.01    205     30  417.8  417.8  417.8
  111.0  15425  -44.7  -79.6      1   0.01    200     27  428.1  428.1  428.1
  107.0  15669  -44.5  -79.5      1   0.01    220     24  433.0  433.1  433.0
  104.0  15859  -44.9  -79.9      1   0.01    195     21  435.7  435.8  435.7
  100.0  16120  -45.5  -80.5      1   0.01    210     28  439.5  439.6  439.5
   98.9  16194  -45.1  -80.1      1   0.01    211     28  441.7  441.7  441.7
   94.7  16483  -46.7  -80.7      1   0.01    216     26  444.1  444.1  444.1
   84.2  17265  -45.7  -80.7      1   0.01    228     22  461.2  461.3  461.3
   83.0  17360  -46.4  -81.0      1   0.01    230     21  461.8  461.9  461.8
   81.3  17498  -47.3  -81.3      1   0.01    222     20  462.6  462.7  462.6
   79.4  17654  -47.3  -81.3      1   0.01    212     18  465.8  465.8  465.8
   76.0  17944  -47.3  -81.3      1   0.01    195     16  471.6  471.7  471.6
   74.1  18111  -47.3  -81.3      1   0.01    201     18  475.0  475.1  475.0
   73.0  18211  -46.7  -81.0      1   0.01    205     19  478.4  478.5  478.4
   71.0  18395  -45.5  -80.5      1   0.01    198     16  484.7  484.8  484.7
   70.0  18490  -45.7  -80.7      1   0.01    195     15  486.2  486.3  486.2
   67.0  18781  -46.8  -81.2      1   0.01    185     23  489.9  490.0  489.9
   65.3  18951  -47.5  -81.5      1   0.01    205     24  492.1  492.1  492.1
   64.0  19084  -47.1  -81.4      1   0.01    220     25  495.8  495.9  495.8
   61.6  19338  -46.3  -81.3      1   0.01    222     22  503.0  503.1  503.0
   57.0  19852  -46.8  -81.8      1   0.01    225     16  513.3  513.3  513.3
   56.0  19969  -46.9  -81.8      1   0.01    205     13  515.6  515.7  515.6
   54.0  20210  -47.1  -82.1      1   0.01    200     17  520.5  520.6  520.5
   52.0  20460  -47.3  -82.3      1   0.01    230     24  525.7  525.8  525.7
   50.0  20720  -47.5  -82.5      1   0.01    245     18  531.1  531.1  531.1
   47.0  21128  -48.0  -82.5      1   0.01    235     12  539.5  539.5  539.5
   46.0  21270  -48.1  -82.5      1   0.01    260     10  542.4  542.5  542.4
   45.0  21415  -48.3  -82.5      1   0.01    240      7  545.4  545.5  545.5
   44.0  21563  -48.4  -82.5      1   0.01    195     11  548.6  548.6  548.6
   43.6  21623  -48.5  -82.5      1   0.01    193     14  549.8  549.9  549.8
   43.0  21714  -48.3  -82.5      1   0.01    190     18  552.6  552.6  552.6
   42.0  21870  -47.9  -82.4      1   0.01    210     21  557.2  557.3  557.2
   41.0  22029  -47.5  -82.3      1   0.01    200     13  562.1  562.2  562.1
   40.5  22109  -47.3  -82.3      1   0.01    205     13  564.5  564.6  564.5
   39.0  22358  -47.8  -82.6      1   0.01    220     13  569.4  569.4  569.4
   38.0  22529  -48.2  -82.8      1   0.01    210     10  572.7  572.8  572.7
   37.0  22704  -48.5  -83.0      1   0.01    220     10  576.1  576.2  576.1
   35.0  23070  -49.3  -83.5      1   0.01    180     10  583.4  583.5  583.4
   34.0  23260  -49.7  -83.7      1   0.01    197     10  587.2  587.3  587.2
   33.0  23456  -49.5  -83.5      1   0.01    215     10  592.7  592.9  592.8
   31.2  23823  -49.1  -83.1      1   0.01      3      5  603.4  603.5  603.4
   31.0  23865  -49.3  -83.1      1   0.01     20      4  604.0  604.1  604.0
   30.0  24080  -50.3  -83.3      1   0.01    105      8  606.9  607.0  606.9
   29.0  24300  -51.5  -84.5      1   0.01    145     10  609.6  609.7  609.6
   28.8  24345  -51.7  -84.7      1   0.01    145     10  610.2  610.3  610.2
   28.0  24528  -51.0  -84.3      1   0.01    145     10  617.2  617.3  617.2
   27.0  24764  -50.0  -83.7      1   0.01    180     14  626.3  626.4  626.3
   26.3  24935  -49.3  -83.3      1   0.01    211     11  633.0  633.1  633.0
   26.0  25010  -49.6  -83.6      1   0.01    225     10  634.2  634.4  634.2
   25.5  25136  -50.1  -84.1      1   0.01    258      8  636.3  636.5  636.3
   24.0  25533  -49.0  -83.4      1   0.02      0      0  650.5  650.7  650.5
   22.0  26103  -47.5  -82.5      1   0.02     68      7  671.5  671.7  671.5
   21.0  26409  -47.8  -82.8      1   0.02    105     10  679.6  679.8  679.6
   20.0  26730  -48.1  -83.1      1   0.02    100      7  688.2  688.4  688.2
   16.3  28074  -49.1  -83.1      1   0.02    114     10  726.4  726.6  726.4
   16.0  28197  -48.5  -83.2      1   0.02    115     10  732.1  732.4  732.1
   15.4  28448  -47.3  -83.3      1   0.03    110     10  744.2  744.5  744.2
   12.9  29616  -48.5  -83.5      1   0.03     85     10  778.6  779.0  778.7
   12.1  30039  -46.3  -82.3      1   0.04     76     10  800.8  801.2  800.8
   12.0  30095  -46.2  -82.3      1   0.04     75     10  803.0  803.4  803.0
   11.0  30675  -45.4  -81.9      1   0.04    115     11  826.1  826.7  826.2
   10.0  31310  -44.5  -81.5      1   0.05    170      2  852.3  853.0  852.3
    9.4  31725  -43.9  -81.9      1   0.05     73      7  869.8  870.5  869.8
    9.0  32018  -43.9  -81.9      1   0.05      5     10  880.7  881.4  880.7
    8.8  32169  -43.9  -81.9      1   0.06     15     10  886.3  887.1  886.4
    8.0  32807  -44.8  -82.0      1   0.06     60     10  907.2  908.0  907.2
    7.0  33700  -46.1  -82.1      1   0.07    125      7  937.1  938.1  937.2
    6.9  33796  -46.3  -82.3      1   0.07    112      7  940.2  941.1  940.2
    6.6  34091  -45.9  -82.9      1   0.06     72      8  953.9  954.8  953.9
    6.2  34512  -41.1  -81.1      1   0.09     15      9  991.6  992.9  991.6
    6.1  34623  -40.5  -80.5      1   0.10      0     10  998.8 1000.3  998.8
    6.0  34735  -40.9  -80.6      1   0.10    345     10 1001.8 1003.3 1001.9
    5.8  34966  -41.7  -80.7      1   0.10    354      9 1008.0 1009.6 1008.1
    5.0  35980  -38.1  -80.1      0   0.13     35      5 1068.1 1070.2 1068.2
    4.8  36261  -37.9  -79.9      0   0.14               1081.5 1083.8 1081.6
    4.7  36407  -35.7  -78.7      0   0.18               1098.2 1101.1 1098.3