Pressure	Height	Temperature	Dew Point	Wind Direction	Wind Speed
1003	62	5.8	4.6	25	2
1000	79	9.2	5	60	2.99
996	112.31	10	4	-9999	-9999
995	120.69	11.6	3.6	-9999	-9999
991	154.53	13.8	4.8	-9999	-9999
977	275.09	16.4	4.4	-9999	-9999
966	371.5	16.57	5.41	185	10
964	389.15	16.6	5.6	-9999	-9999
936	640.36	17.2	-1.8	-9999	-9999
925	741	16.4	-2.6	225	2.99
893	1038.85	14.6	-2.4	-9999	-9999
857	1384.45	12	1	-9999	-9999
850	1453	11.6	1.6	260	2.99
832	1631.71	10.6	1.6	-9999	-9999
807	1885.42	9.4	-0.6	-9999	-9999
798	1978.38	9	-3	-9999	-9999
791	2051.28	8.4	-1.6	-9999	-9999
781	2156.37	8	-2	-9999	-9999
775	2220.03	8.2	-4.8	-9999	-9999
764	2337.66	7.26	-5.74	0	0
754	2446.08	6.4	-6.6	-9999	-9999
747	2522.52	6.2	-12.8	-9999	-9999
721	2812.25	5.6	-21.4	-9999	-9999
700	3053	4	-18	0	8.99
694	3122.71	3.4	-16.6	-9999	-9999
692	3145.97	3.28	-17.21	5	10
663	3490.97	1.46	-26.28	15	13
662	3503.13	1.4	-26.6	-9999	-9999
656	3576.15	0.8	-21.2	-9999	-9999
641	3761.23	0.35	-33.6	15	21
636	3823.88	0.2	-37.8	-9999	-9999
633	3861.64	-0.1	-39.1	-9999	-9999
628	3924.78	-0.53	-36.13	0	18.01
617	4065.47	-1.5	-29.5	-9999	-9999
615	4091.24	-1.9	-18.9	-9999	-9999
603	4247.35	-2.7	-20.7	-9999	-9999
583	4512.68	-5.09	-21.5	30	15
578	4580.43	-5.7	-21.7	-9999	-9999
555	4896.3	-8.7	-19.7	-9999	-9999
546	5022.63	-9.3	-20.3	-9999	-9999
539	5122.13	-9.7	-25.7	20	31.99
533	5208.42	-9.3	-29.3	-9999	-9999
510	5548.15	-10.1	-43.1	-9999	-9999
500	5700	-11.5	-42.5	30	27
476	6076.19	-14.9	-47.9	-9999	-9999
473	6123.89	-15.31	-46.84	30	22.01
450	6499.99	-18.5	-38.5	-9999	-9999
428	6873.21	-21.7	-33.7	-9999	-9999
415	7100.63	-23.5	-31.5	-9999	-9999
405	7279.33	-24.9	-33.9	-9999	-9999
400	7370	-25.3	-37.3	20	33.99
399	7388.15	-25.3	-39.3	-9999	-9999
391	7534.74	-26.3	-40.3	-9999	-9999
369	7950.32	-29.5	-42.5	-9999	-9999
341	8509.43	-32.5	-46.5	-9999	-9999
340	8529.91	-32.64	-46.61	0	48
309	9196.62	-37.1	-50.1	-9999	-9999
302	9354.4	-38.5	-50.5	-9999	-9999
300	9400	-38.7	-52.7	0	49.01
299	9422.82	-38.9	-53.9	-9999	-9999
274	10013.42	-43.5	-54.5	-9999	-9999
272	10062.44	-43.9	-55.9	-9999	-9999
269	10136.49	-44.5	-53.5	-9999	-9999
250	10620	-49.1	-53.5	5	50
249	10646.33	-49.3	-53.1	-9999	-9999
245	10752.59	-49.7	-57.7	-9999	-9999
243	10806.27	-50.1	-58.1	-9999	-9999
238	10942.01	-51.1	-56.1	-9999	-9999
231	11135.78	-52.34	-58.89	5	54
229	11192.22	-52.7	-59.7	-9999	-9999
225	11306.13	-52.9	-63.9	-9999	-9999
223	11363.77	-53.3	-63.3	-9999	-9999
212	11688.98	-54.7	-66.7	-9999	-9999
200	12060	-57.5	-68.5	0	39.01
195	12219.1	-58.5	-70.5	0	41.01
189	12416.31	-57.65	-72.09	355	35
181	12689.22	-56.47	-74.28	330	25.99
176	12865.99	-55.7	-75.7	-9999	-9999
168	13160.76	-56.59	-78.36	350	22.01
167	13198.59	-56.7	-78.7	-9999	-9999
159	13510.08	-55.87	-80.47	345	25.99
154	13712.82	-55.32	-81.63	355	29
152	13795.76	-55.1	-82.1	-9999	-9999
150	13880	-55.7	-82.7	5	21
149	13922.66	-55.7	-82.7	5	19
146	14052.38	-55.7	-82.7	-9999	-9999
145	14095.77	-56.02	-82.8	35	10
138	14408.16	-58.36	-83.55	315	0.99
133	14641.14	-60.1	-84.1	290	8.99
132	14688.24	-60.2	-84.2	290	10
128	14880.25	-60.6	-84.6	325	16.01
127	14929.19	-60.7	-84.7	-9999	-9999
124	15078.29	-60.3	-85.3	-9999	-9999
123	15128.99	-59.7	-85.7	325	20.01
122	15180.09	-59.1	-86.1	-9999	-9999
121	15232.05	-57.9	-85.4	330	17
120	15284.45	-56.7	-84.7	-9999	-9999
116	15497.68	-57.59	-85.14	305	10
113	15662.49	-58.27	-85.49	325	12
103	16245.29	-60.7	-86.7	-9999	-9999
100	16430	-59.5	-87.5	290	13
96	16686.23	-58.46	-87.33	305	18.01
91	17021.96	-57.1	-87.1	-9999	-9999
90	17091.68	-57.12	-87.12	295	13
86	17378.49	-57.2	-87.2	245	10.99
81.3	17733.06	-57.3	-87.3	-9999	-9999
78	17992.79	-58.29	-87.91	280	14.01
72.9	18416.63	-59.9	-88.9	-9999	-9999
71	18581.46	-59.38	-89.03	250	10.99
70	18670	-59.1	-89.1	255	13
66	19042.02	-58.02	-88.79	265	10
63	19336.14	-57.17	-88.55	235	13
61	19540.11	-56.57	-88.38	265	13
60.1	19634.09	-56.3	-88.3	-9999	-9999
59	19751.31	-56.61	-88.35	250	14.01
56	20082.48	-57.5	-88.5	-9999	-9999
55	20196.56	-57.47	-88.47	270	10
52	20551.68	-57.37	-88.37	265	6
50	20800	-57.3	-88.3	225	10.99
49	20927.95	-56.81	-88.16	225	13
48	21058.53	-56.31	-88.02	240	10.99
47.2	21164.97	-55.9	-87.9	-9999	-9999
46	21328.37	-56.01	-88.01	330	10
44	21610.41	-56.19	-88.19	35	0.99
41	22058.46	-56.48	-88.48	225	10
40.8	22089.49	-56.5	-88.5	-9999	-9999
40	22214.38	-57.18	-88.5	230	12
38.5	22455.44	-58.5	-88.5	-9999	-9999
35.4	22984.87	-56.5	-88.5	-9999	-9999
34	23239.83	-57.38	-88.65	315	10
33.5	23333.44	-57.7	-88.7	-9999	-9999
33	23428.28	-57.63	-88.81	345	10
30.8	23863.41	-57.3	-89.3	-9999	-9999
30	24030	-56.1	-89.1	255	6
27.8	24517.96	-53.3	-87.3	-9999	-9999
27	24705.29	-53.91	-87.36	200	4.99
25	25199.04	-55.5	-87.5	245	20.01
24	25460.82	-55.13	-87.5	280	21
23	25733.75	-54.75	-87.5	350	13
22	26018.8	-54.35	-87.5	315	2.99
20	26630	-53.5	-87.5	310	10
19.7	26727.21	-52.9	-86.9	-9999	-9999
19	26960.01	-53.04	-87.04	290	10.99
18	27307.92	-53.26	-87.26	310	21
17.8	27379.81	-53.3	-87.3	-9999	-9999
16	28072.99	-51.37	-86.53	340	16.01
15	28492.62	-50.21	-86.06	345	10
14	28941.21	-48.96	-85.56	295	14.01
13.5	29177.67	-48.3	-85.3	-9999	-9999
13	29425.81	-48.3	-85.3	330	17
12	29952.1	-48.3	-85.3	75	0.99
11.8	30062.61	-48.3	-85.3	-9999	-9999
11.3	30346.4	-49.7	-85.7	-9999	-9999
11	30523.32	-49.08	-85.52	295	14.01
10	31150	-46.9	-84.9	250	8
9.3	31630.83	-46.7	-84.7	-9999	-9999
9	31847.32	-48.04	-85.3	220	10
8.9	31921.09	-48.5	-85.5	-9999	-9999
8.1	32545.97	-44.5	-84.5	-9999	-9999
8	32629.16	-44.46	-84.46	290	10.99
7.6	32972.62	-44.3	-84.3	-9999	-9999
7	33521.12	-46	-84.3	270	23
6.9	33617.09	-46.3	-84.3	-9999	-9999
6.6	33913.43	-44.5	-84.5	-9999	-9999
